0.000000 0.000000 0.000000 0.000000 0.00000000 0.00000000 0.00000000 1.00000000
0.005000 0.000000 0.000000 0.000000 0.00280250 0.00000000 0.00000000 0.99999607
0.010000 0.000000 0.000000 0.000000 0.00560497 0.00000000 0.00000000 0.99998429
0.015000 0.000000 0.000000 0.000000 0.00840740 0.00000000 0.00000000 0.99996466
0.020000 0.000000 0.000000 0.000000 0.01120977 0.00000000 0.00000000 0.99993717
0.025000 0.000000 0.000000 0.000000 0.01401204 0.00000000 0.00000000 0.99990183
0.030000 0.000000 0.000000 0.000000 0.01681421 0.00000000 0.00000000 0.99985863
0.035000 0.000000 0.000000 0.000000 0.01961624 0.00000000 0.00000000 0.99980758
0.040000 0.000000 0.000000 0.000000 0.02241812 0.00000000 0.00000000 0.99974868
0.045000 0.000000 0.000000 0.000000 0.02521983 0.00000000 0.00000000 0.99968193
0.050000 0.000000 0.000000 0.000000 0.02802133 0.00000000 0.00000000 0.99960733
0.055000 0.000000 0.000000 0.000000 0.03082262 0.00000000 0.00000000 0.99952487
0.060000 0.000000 0.000000 0.000000 0.03362366 0.00000000 0.00000000 0.99943456
0.065000 0.000000 0.000000 0.000000 0.03642444 0.00000000 0.00000000 0.99933641
0.070000 0.000000 0.000000 0.000000 0.03922493 0.00000000 0.00000000 0.99923041
0.075000 0.000000 0.000000 0.000000 0.04202512 0.00000000 0.00000000 0.99911655
0.080000 0.000000 0.000000 0.000000 0.04482498 0.00000000 0.00000000 0.99899486
0.085000 0.000000 0.000000 0.000000 0.04762448 0.00000000 0.00000000 0.99886531
0.090000 0.000000 0.000000 0.000000 0.05042361 0.00000000 0.00000000 0.99872792
0.095000 0.000000 0.000000 0.000000 0.05322234 0.00000000 0.00000000 0.99858269
0.100000 0.000000 0.000000 0.000000 0.05602066 0.00000000 0.00000000 0.99842961
0.105000 0.000000 0.000000 0.000000 0.05881853 0.00000000 0.00000000 0.99826869
0.110000 0.000000 0.000000 0.000000 0.06161595 0.00000000 0.00000000 0.99809993
0.115000 0.000000 0.000000 0.000000 0.06441287 0.00000000 0.00000000 0.99792333
0.120000 0.000000 0.000000 0.000000 0.06720930 0.00000000 0.00000000 0.99773890
0.125000 0.000000 0.000000 0.000000 0.07000519 0.00000000 0.00000000 0.99754663
0.130000 0.000000 0.000000 0.000000 0.07280054 0.00000000 0.00000000 0.99734652
0.135000 0.000000 0.000000 0.000000 0.07559531 0.00000000 0.00000000 0.99713858
0.140000 0.000000 0.000000 0.000000 0.07838949 0.00000000 0.00000000 0.99692281
0.145000 0.000000 0.000000 0.000000 0.08118306 0.00000000 0.00000000 0.99669921
0.150000 0.000000 0.000000 0.000000 0.08397599 0.00000000 0.00000000 0.99646778
0.155000 0.000000 0.000000 0.000000 0.08676825 0.00000000 0.00000000 0.99622852
0.160000 0.000000 0.000000 0.000000 0.08955984 0.00000000 0.00000000 0.99598144
0.165000 0.000000 0.000000 0.000000 0.09235072 0.00000000 0.00000000 0.99572654
0.170000 0.000000 0.000000 0.000000 0.09514088 0.00000000 0.00000000 0.99546382
0.175000 0.000000 0.000000 0.000000 0.09793029 0.00000000 0.00000000 0.99519328
0.180000 0.000000 0.000000 0.000000 0.10071893 0.00000000 0.00000000 0.99491492
0.185000 0.000000 0.000000 0.000000 0.10350678 0.00000000 0.00000000 0.99462875
0.190000 0.000000 0.000000 0.000000 0.10629382 0.00000000 0.00000000 0.99433476
0.195000 0.000000 0.000000 0.000000 0.10908002 0.00000000 0.00000000 0.99403297
0.200000 0.000000 0.000000 0.000000 0.11186537 0.00000000 0.00000000 0.99372337
0.205000 0.000000 0.000000 0.000000 0.11464983 0.00000000 0.00000000 0.99340597
0.210000 0.000000 0.000000 0.000000 0.11743340 0.00000000 0.00000000 0.99308076
0.215000 0.000000 0.000000 0.000000 0.12021604 0.00000000 0.00000000 0.99274775
0.220000 0.000000 0.000000 0.000000 0.12299774 0.00000000 0.00000000 0.99240695
0.225000 0.000000 0.000000 0.000000 0.12577848 0.00000000 0.00000000 0.99205835
0.230000 0.000000 0.000000 0.000000 0.12855822 0.00000000 0.00000000 0.99170196
0.235000 0.000000 0.000000 0.000000 0.13133696 0.00000000 0.00000000 0.99133778
0.240000 0.000000 0.000000 0.000000 0.13411466 0.00000000 0.00000000 0.99096582
0.245000 0.000000 0.000000 0.000000 0.13689131 0.00000000 0.00000000 0.99058607
0.250000 0.000000 0.000000 0.000000 0.13966689 0.00000000 0.00000000 0.99019855
0.255000 0.000000 0.000000 0.000000 0.14244137 0.00000000 0.00000000 0.98980324
0.260000 0.000000 0.000000 0.000000 0.14521473 0.00000000 0.00000000 0.98940016
0.265000 0.000000 0.000000 0.000000 0.14798695 0.00000000 0.00000000 0.98898931
0.270000 0.000000 0.000000 0.000000 0.15075801 0.00000000 0.00000000 0.98857070
0.275000 0.000000 0.000000 0.000000 0.15352788 0.00000000 0.00000000 0.98814432
0.280000 0.000000 0.000000 0.000000 0.15629655 0.00000000 0.00000000 0.98771017
0.285000 0.000000 0.000000 0.000000 0.15906399 0.00000000 0.00000000 0.98726828
0.290000 0.000000 0.000000 0.000000 0.16183018 0.00000000 0.00000000 0.98681862
0.295000 0.000000 0.000000 0.000000 0.16459510 0.00000000 0.00000000 0.98636122
0.300000 0.000000 0.000000 0.000000 0.16735873 0.00000000 0.00000000 0.98589607
0.305000 0.000000 0.000000 0.000000 0.17012104 0.00000000 0.00000000 0.98542317
0.310000 0.000000 0.000000 0.000000 0.17288202 0.00000000 0.00000000 0.98494254
0.315000 0.000000 0.000000 0.000000 0.17564164 0.00000000 0.00000000 0.98445417
0.320000 0.000000 0.000000 0.000000 0.17839988 0.00000000 0.00000000 0.98395807
0.325000 0.000000 0.000000 0.000000 0.18115672 0.00000000 0.00000000 0.98345424
0.330000 0.000000 0.000000 0.000000 0.18391213 0.00000000 0.00000000 0.98294269
0.335000 0.000000 0.000000 0.000000 0.18666610 0.00000000 0.00000000 0.98242342
0.340000 0.000000 0.000000 0.000000 0.18941861 0.00000000 0.00000000 0.98189643
0.345000 0.000000 0.000000 0.000000 0.19216962 0.00000000 0.00000000 0.98136173
0.350000 0.000000 0.000000 0.000000 0.19491913 0.00000000 0.00000000 0.98081932
0.355000 0.000000 0.000000 0.000000 0.19766711 0.00000000 0.00000000 0.98026920
0.360000 0.000000 0.000000 0.000000 0.20041353 0.00000000 0.00000000 0.97971139
0.365000 0.000000 0.000000 0.000000 0.20315838 0.00000000 0.00000000 0.97914589
0.370000 0.000000 0.000000 0.000000 0.20590164 0.00000000 0.00000000 0.97857269
0.375000 0.000000 0.000000 0.000000 0.20864328 0.00000000 0.00000000 0.97799181
0.380000 0.000000 0.000000 0.000000 0.21138328 0.00000000 0.00000000 0.97740325
0.385000 0.000000 0.000000 0.000000 0.21412162 0.00000000 0.00000000 0.97680701
0.390000 0.000000 0.000000 0.000000 0.21685827 0.00000000 0.00000000 0.97620310
0.395000 0.000000 0.000000 0.000000 0.21959323 0.00000000 0.00000000 0.97559152
0.400000 0.000000 0.000000 0.000000 0.22232646 0.00000000 0.00000000 0.97497228
0.405000 0.000000 0.000000 0.000000 0.22505794 0.00000000 0.00000000 0.97434538
0.410000 0.000000 0.000000 0.000000 0.22778765 0.00000000 0.00000000 0.97371083
0.415000 0.000000 0.000000 0.000000 0.23051558 0.00000000 0.00000000 0.97306863
0.420000 0.000000 0.000000 0.000000 0.23324170 0.00000000 0.00000000 0.97241879
0.425000 0.000000 0.000000 0.000000 0.23596598 0.00000000 0.00000000 0.97176132
0.430000 0.000000 0.000000 0.000000 0.23868841 0.00000000 0.00000000 0.97109621
0.435000 0.000000 0.000000 0.000000 0.24140897 0.00000000 0.00000000 0.97042347
0.440000 0.000000 0.000000 0.000000 0.24412763 0.00000000 0.00000000 0.96974311
0.445000 0.000000 0.000000 0.000000 0.24684437 0.00000000 0.00000000 0.96905514
0.450000 0.000000 0.000000 0.000000 0.24955918 0.00000000 0.00000000 0.96835955
0.455000 0.000000 0.000000 0.000000 0.25227202 0.00000000 0.00000000 0.96765636
0.460000 0.000000 0.000000 0.000000 0.25498288 0.00000000 0.00000000 0.96694557
0.465000 0.000000 0.000000 0.000000 0.25769174 0.00000000 0.00000000 0.96622718
0.470000 0.000000 0.000000 0.000000 0.26039858 0.00000000 0.00000000 0.96550121
0.475000 0.000000 0.000000 0.000000 0.26310337 0.00000000 0.00000000 0.96476765
0.480000 0.000000 0.000000 0.000000 0.26580609 0.00000000 0.00000000 0.96402651
0.485000 0.000000 0.000000 0.000000 0.26850673 0.00000000 0.00000000 0.96327781
0.490000 0.000000 0.000000 0.000000 0.27120526 0.00000000 0.00000000 0.96252154
0.495000 0.000000 0.000000 0.000000 0.27390166 0.00000000 0.00000000 0.96175770
0.500000 0.000000 0.000000 0.000000 0.27659590 0.00000000 0.00000000 0.96098632
0.505000 0.000000 0.000000 0.000000 0.27928798 0.00000000 0.00000000 0.96020739
0.510000 0.000000 0.000000 0.000000 0.28197786 0.00000000 0.00000000 0.95942091
0.515000 0.000000 0.000000 0.000000 0.28466553 0.00000000 0.00000000 0.95862690
0.520000 0.000000 0.000000 0.000000 0.28735096 0.00000000 0.00000000 0.95782536
0.525000 0.000000 0.000000 0.000000 0.29003413 0.00000000 0.00000000 0.95701630
0.530000 0.000000 0.000000 0.000000 0.29271503 0.00000000 0.00000000 0.95619972
0.535000 0.000000 0.000000 0.000000 0.29539362 0.00000000 0.00000000 0.95537564
0.540000 0.000000 0.000000 0.000000 0.29806990 0.00000000 0.00000000 0.95454405
0.545000 0.000000 0.000000 0.000000 0.30074383 0.00000000 0.00000000 0.95370496
0.550000 0.000000 0.000000 0.000000 0.30341541 0.00000000 0.00000000 0.95285838
0.555000 0.000000 0.000000 0.000000 0.30608460 0.00000000 0.00000000 0.95200432
0.560000 0.000000 0.000000 0.000000 0.30875139 0.00000000 0.00000000 0.95114278
0.565000 0.000000 0.000000 0.000000 0.31141575 0.00000000 0.00000000 0.95027377
0.570000 0.000000 0.000000 0.000000 0.31407766 0.00000000 0.00000000 0.94939729
0.575000 0.000000 0.000000 0.000000 0.31673711 0.00000000 0.00000000 0.94851336
0.580000 0.000000 0.000000 0.000000 0.31939407 0.00000000 0.00000000 0.94762198
0.585000 0.000000 0.000000 0.000000 0.32204853 0.00000000 0.00000000 0.94672316
0.590000 0.000000 0.000000 0.000000 0.32470045 0.00000000 0.00000000 0.94581691
0.595000 0.000000 0.000000 0.000000 0.32734982 0.00000000 0.00000000 0.94490322
0.600000 0.000000 0.000000 0.000000 0.32999663 0.00000000 0.00000000 0.94398211
