0.000000 0.0000 0.0000 9.8100 1.122221 0.003391 -0.002928
0.001000 0.0000 0.0000 9.8100 1.116457 -0.009959 0.004858
0.002000 0.0000 0.0000 9.8100 1.121083 0.001029 -0.003918
0.003000 0.0000 0.0000 9.8100 1.127132 0.004716 -0.000609
0.004000 0.0000 0.0000 9.8100 1.118221 -0.001783 -0.003993
0.005000 0.0000 0.0000 9.8100 1.121133 -0.003081 0.002928
0.006000 0.0000 0.0000 9.8100 1.119203 -0.001770 0.007686
0.007000 0.0000 0.0000 9.8100 1.117371 -0.007840 0.001831
0.008000 0.0000 0.0000 9.8100 1.110611 0.001322 0.004909
0.009000 0.0000 0.0000 9.8100 1.121351 0.000046 -0.010253
0.010000 0.0000 0.0000 9.8100 1.123777 0.001981 -0.005860
0.011000 0.0000 0.0000 9.8100 1.130566 -0.006120 -0.008396
0.012000 0.0000 0.0000 9.8100 1.111945 0.000130 0.001689
0.013000 0.0000 0.0000 9.8100 1.123205 -0.001687 -0.004063
0.014000 0.0000 0.0000 9.8100 1.125214 -0.004488 -0.006049
0.015000 0.0000 0.0000 9.8100 1.128007 0.000888 0.002356
0.016000 0.0000 0.0000 9.8100 1.124129 -0.002859 -0.002664
0.017000 0.0000 0.0000 9.8100 1.124203 -0.003086 0.001680
0.018000 0.0000 0.0000 9.8100 1.120553 -0.005971 0.004832
0.019000 0.0000 0.0000 9.8100 1.114553 0.001165 0.000335
0.020000 0.0000 0.0000 9.8100 1.127333 -0.005598 -0.002716
0.021000 0.0000 0.0000 9.8100 1.120498 0.000904 0.004342
0.022000 0.0000 0.0000 9.8100 1.122555 0.000124 0.005142
0.023000 0.0000 0.0000 9.8100 1.131480 -0.006778 -0.000029
0.024000 0.0000 0.0000 9.8100 1.124798 0.000429 0.007173
0.025000 0.0000 0.0000 9.8100 1.119329 -0.005070 0.004353
0.026000 0.0000 0.0000 9.8100 1.107136 -0.002379 0.011830
0.027000 0.0000 0.0000 9.8100 1.121131 0.001789 -0.004758
0.028000 0.0000 0.0000 9.8100 1.120884 -0.000711 0.009292
0.029000 0.0000 0.0000 9.8100 1.115950 -0.013809 0.002033
0.030000 0.0000 0.0000 9.8100 1.128750 -0.003443 -0.009118
0.031000 0.0000 0.0000 9.8100 1.115636 0.002168 -0.002811
0.032000 0.0000 0.0000 9.8100 1.121212 -0.011788 -0.002602
0.033000 0.0000 0.0000 9.8100 1.124941 -0.001323 -0.005120
0.034000 0.0000 0.0000 9.8100 1.126260 0.004935 -0.002327
0.035000 0.0000 0.0000 9.8100 1.117291 0.006390 -0.002750
0.036000 0.0000 0.0000 9.8100 1.120183 0.009005 0.000934
0.037000 0.0000 0.0000 9.8100 1.118523 -0.009882 0.000177
0.038000 0.0000 0.0000 9.8100 1.120567 -0.003119 0.004628
0.039000 0.0000 0.0000 9.8100 1.114543 -0.007914 -0.003941
0.040000 0.0000 0.0000 9.8100 1.120728 -0.007650 -0.006043
0.041000 0.0000 0.0000 9.8100 1.116609 -0.000456 -0.003851
0.042000 0.0000 0.0000 9.8100 1.125532 -0.011441 0.001603
0.043000 0.0000 0.0000 9.8100 1.117586 0.001866 0.009417
0.044000 0.0000 0.0000 9.8100 1.120184 0.000516 0.003710
0.045000 0.0000 0.0000 9.8100 1.113896 0.002842 0.003612
0.046000 0.0000 0.0000 9.8100 1.119857 0.002806 0.000185
0.047000 0.0000 0.0000 9.8100 1.116727 -0.007029 0.004450
0.048000 0.0000 0.0000 9.8100 1.129448 -0.004384 0.001392
0.049000 0.0000 0.0000 9.8100 1.114484 -0.002795 -0.002918
0.050000 0.0000 0.0000 9.8100 1.114867 -0.000805 0.004531
0.051000 0.0000 0.0000 9.8100 1.123378 -0.003003 0.006699
0.052000 0.0000 0.0000 9.8100 1.121686 0.008608 -0.006928
0.053000 0.0000 0.0000 9.8100 1.135698 -0.001268 -0.006295
0.054000 0.0000 0.0000 9.8100 1.115288 0.004289 0.004153
0.055000 0.0000 0.0000 9.8100 1.124692 0.002676 -0.006002
0.056000 0.0000 0.0000 9.8100 1.119918 -0.011923 -0.004728
0.057000 0.0000 0.0000 9.8100 1.124001 -0.009737 0.011541
0.058000 0.0000 0.0000 9.8100 1.127007 -0.006046 0.003315
0.059000 0.0000 0.0000 9.8100 1.123478 -0.000990 0.002657
0.060000 0.0000 0.0000 9.8100 1.119379 -0.000377 0.002476
0.061000 0.0000 0.0000 9.8100 1.123148 0.001457 0.001563
0.062000 0.0000 0.0000 9.8100 1.125690 0.003816 -0.006032
0.063000 0.0000 0.0000 9.8100 1.117129 0.007240 0.007756
0.064000 0.0000 0.0000 9.8100 1.123738 -0.001411 0.004076
0.065000 0.0000 0.0000 9.8100 1.124388 -0.007751 0.000330
0.066000 0.0000 0.0000 9.8100 1.113991 -0.002302 0.000158
0.067000 0.0000 0.0000 9.8100 1.129602 -0.010582 -0.001782
0.068000 0.0000 0.0000 9.8100 1.124412 0.003337 0.004255
0.069000 0.0000 0.0000 9.8100 1.116032 -0.000646 -0.002313
0.070000 0.0000 0.0000 9.8100 1.127551 -0.000689 0.000090
0.071000 0.0000 0.0000 9.8100 1.121955 -0.006547 0.002588
0.072000 0.0000 0.0000 9.8100 1.115473 0.000916 -0.003627
0.073000 0.0000 0.0000 9.8100 1.126991 0.000189 0.009655
0.074000 0.0000 0.0000 9.8100 1.109830 0.006862 0.004300
0.075000 0.0000 0.0000 9.8100 1.122463 0.011036 -0.007140
0.076000 0.0000 0.0000 9.8100 1.122063 0.006236 0.003036
0.077000 0.0000 0.0000 9.8100 1.119107 0.003240 -0.002076
0.078000 0.0000 0.0000 9.8100 1.119296 -0.003310 0.005271
0.079000 0.0000 0.0000 9.8100 1.122561 0.012582 0.004235
0.080000 0.0000 0.0000 9.8100 1.113583 0.004013 -0.005444
0.081000 0.0000 0.0000 9.8100 1.119619 0.000706 -0.005452
0.082000 0.0000 0.0000 9.8100 1.118473 -0.003369 0.000705
0.083000 0.0000 0.0000 9.8100 1.120632 -0.000521 0.008532
0.084000 0.0000 0.0000 9.8100 1.123712 0.002165 0.005486
0.085000 0.0000 0.0000 9.8100 1.130311 0.006991 -0.005275
0.086000 0.0000 0.0000 9.8100 1.123641 0.003869 0.004818
0.087000 0.0000 0.0000 9.8100 1.120294 0.000360 -0.004431
0.088000 0.0000 0.0000 9.8100 1.119157 -0.005832 0.006370
0.089000 0.0000 0.0000 9.8100 1.118403 -0.004663 0.001477
0.090000 0.0000 0.0000 9.8100 1.121534 -0.003431 0.001883
0.091000 0.0000 0.0000 9.8100 1.117869 0.002550 -0.000135
0.092000 0.0000 0.0000 9.8100 1.122087 -0.001905 -0.003347
0.093000 0.0000 0.0000 9.8100 1.122275 -0.007856 0.006924
0.094000 0.0000 0.0000 9.8100 1.118722 0.010383 0.003359
0.095000 0.0000 0.0000 9.8100 1.120535 -0.003014 0.002596
0.096000 0.0000 0.0000 9.8100 1.123314 0.002156 0.004198
0.097000 0.0000 0.0000 9.8100 1.121604 0.005725 -0.003836
0.098000 0.0000 0.0000 9.8100 1.119983 0.003098 -0.003900
0.099000 0.0000 0.0000 9.8100 1.121217 0.007675 0.000529
0.100000 0.0000 0.0000 9.8100 1.118652 0.005647 -0.005680
0.101000 0.0000 0.0000 9.8100 1.119342 0.005329 -0.003850
0.102000 0.0000 0.0000 9.8100 1.122289 -0.000349 0.007837
0.103000 0.0000 0.0000 9.8100 1.113891 -0.002707 -0.001625
0.104000 0.0000 0.0000 9.8100 1.122869 0.002760 0.002117
0.105000 0.0000 0.0000 9.8100 1.128096 0.003360 -0.006405
0.106000 0.0000 0.0000 9.8100 1.113775 -0.002687 -0.002628
0.107000 0.0000 0.0000 9.8100 1.118816 0.005244 -0.003156
0.108000 0.0000 0.0000 9.8100 1.126545 0.005743 0.000156
0.109000 0.0000 0.0000 9.8100 1.118394 0.006440 -0.004229
0.110000 0.0000 0.0000 9.8100 1.123395 0.001363 0.006487
0.111000 0.0000 0.0000 9.8100 1.122794 0.000106 0.005276
0.112000 0.0000 0.0000 9.8100 1.119100 0.002812 0.000664
0.113000 0.0000 0.0000 9.8100 1.121174 -0.007412 -0.000021
0.114000 0.0000 0.0000 9.8100 1.115946 0.002650 0.011849
0.115000 0.0000 0.0000 9.8100 1.119870 0.004582 0.005044
0.116000 0.0000 0.0000 9.8100 1.115240 0.003541 -0.001576
0.117000 0.0000 0.0000 9.8100 1.118801 0.004102 -0.002780
0.118000 0.0000 0.0000 9.8100 1.118457 0.003790 0.006449
0.119000 0.0000 0.0000 9.8100 1.121333 0.003336 -0.007092
0.120000 0.0000 0.0000 9.8100 1.120492 0.002235 -0.004215
0.121000 0.0000 0.0000 9.8100 1.124223 0.001411 0.001429
0.122000 0.0000 0.0000 9.8100 1.126925 0.006328 -0.006077
0.123000 0.0000 0.0000 9.8100 1.117724 0.002692 -0.001505
0.124000 0.0000 0.0000 9.8100 1.130951 0.005529 -0.004103
0.125000 0.0000 0.0000 9.8100 1.117220 -0.006327 0.001857
0.126000 0.0000 0.0000 9.8100 1.117974 -0.003379 -0.006327
0.127000 0.0000 0.0000 9.8100 1.125449 -0.003735 -0.004529
0.128000 0.0000 0.0000 9.8100 1.111568 0.002024 0.001152
0.129000 0.0000 0.0000 9.8100 1.124656 0.007178 0.001036
0.130000 0.0000 0.0000 9.8100 1.119278 -0.008019 0.000538
0.131000 0.0000 0.0000 9.8100 1.122763 0.001285 -0.009737
0.132000 0.0000 0.0000 9.8100 1.127177 0.003106 -0.001949
0.133000 0.0000 0.0000 9.8100 1.119579 -0.009601 0.001616
0.134000 0.0000 0.0000 9.8100 1.119283 -0.005652 0.009871
0.135000 0.0000 0.0000 9.8100 1.128724 0.003619 -0.000106
0.136000 0.0000 0.0000 9.8100 1.114794 -0.000096 0.002349
0.137000 0.0000 0.0000 9.8100 1.120458 -0.000176 0.000933
0.138000 0.0000 0.0000 9.8100 1.115282 0.004103 0.005035
0.139000 0.0000 0.0000 9.8100 1.118849 -0.003472 0.010604
0.140000 0.0000 0.0000 9.8100 1.126706 -0.011600 -0.000511
0.141000 0.0000 0.0000 9.8100 1.115900 -0.004559 -0.003449
0.142000 0.0000 0.0000 9.8100 1.121215 -0.000660 -0.006474
0.143000 0.0000 0.0000 9.8100 1.115569 -0.010301 -0.000452
0.144000 0.0000 0.0000 9.8100 1.122342 0.004306 0.004906
0.145000 0.0000 0.0000 9.8100 1.121492 -0.002019 0.010701
0.146000 0.0000 0.0000 9.8100 1.116367 -0.006784 -0.002308
0.147000 0.0000 0.0000 9.8100 1.121973 0.006750 -0.002365
0.148000 0.0000 0.0000 9.8100 1.112897 0.003666 -0.002259
0.149000 0.0000 0.0000 9.8100 1.115655 -0.004564 0.000655
0.150000 0.0000 0.0000 9.8100 1.112162 0.007372 -0.000848
0.151000 0.0000 0.0000 9.8100 1.121220 0.005232 -0.003753
0.152000 0.0000 0.0000 9.8100 1.121293 -0.000444 0.002385
0.153000 0.0000 0.0000 9.8100 1.133212 -0.005509 -0.000362
0.154000 0.0000 0.0000 9.8100 1.131563 -0.004517 0.008060
0.155000 0.0000 0.0000 9.8100 1.121386 0.005141 0.002799
0.156000 0.0000 0.0000 9.8100 1.122585 -0.004462 -0.000746
0.157000 0.0000 0.0000 9.8100 1.124419 -0.001932 -0.005433
0.158000 0.0000 0.0000 9.8100 1.116088 0.007067 0.007978
0.159000 0.0000 0.0000 9.8100 1.117403 -0.000111 0.006206
0.160000 0.0000 0.0000 9.8100 1.122461 0.000330 0.003086
0.161000 0.0000 0.0000 9.8100 1.115456 -0.003425 0.003825
0.162000 0.0000 0.0000 9.8100 1.122006 0.002311 0.000457
0.163000 0.0000 0.0000 9.8100 1.114546 0.002119 0.006494
0.164000 0.0000 0.0000 9.8100 1.123583 0.003666 -0.004690
0.165000 0.0000 0.0000 9.8100 1.119753 -0.002269 -0.002525
0.166000 0.0000 0.0000 9.8100 1.117905 0.002966 0.002768
0.167000 0.0000 0.0000 9.8100 1.125231 0.009017 0.000879
0.168000 0.0000 0.0000 9.8100 1.123346 0.000909 -0.008061
0.169000 0.0000 0.0000 9.8100 1.115710 0.002354 -0.002186
0.170000 0.0000 0.0000 9.8100 1.120754 -0.007113 0.001447
0.171000 0.0000 0.0000 9.8100 1.119526 0.000942 0.000969
0.172000 0.0000 0.0000 9.8100 1.112883 0.005519 -0.006323
0.173000 0.0000 0.0000 9.8100 1.119512 -0.002304 0.005171
0.174000 0.0000 0.0000 9.8100 1.121550 0.004821 0.001031
0.175000 0.0000 0.0000 9.8100 1.120892 -0.004020 -0.002343
0.176000 0.0000 0.0000 9.8100 1.121199 0.001299 -0.003201
0.177000 0.0000 0.0000 9.8100 1.128054 0.001523 -0.005532
0.178000 0.0000 0.0000 9.8100 1.128451 -0.008410 0.001989
0.179000 0.0000 0.0000 9.8100 1.118294 0.007883 0.004193
0.180000 0.0000 0.0000 9.8100 1.115188 0.005044 -0.010074
0.181000 0.0000 0.0000 9.8100 1.125192 -0.000211 -0.004535
0.182000 0.0000 0.0000 9.8100 1.125925 0.003897 0.000986
0.183000 0.0000 0.0000 9.8100 1.122452 0.002038 -0.001749
0.184000 0.0000 0.0000 9.8100 1.123823 -0.009289 -0.016892
0.185000 0.0000 0.0000 9.8100 1.123338 0.001961 -0.003323
0.186000 0.0000 0.0000 9.8100 1.115614 0.006614 -0.002558
0.187000 0.0000 0.0000 9.8100 1.117988 -0.004835 0.003997
0.188000 0.0000 0.0000 9.8100 1.109948 -0.000942 -0.003574
0.189000 0.0000 0.0000 9.8100 1.120281 0.003343 -0.002433
0.190000 0.0000 0.0000 9.8100 1.119620 -0.009347 -0.002741
0.191000 0.0000 0.0000 9.8100 1.115718 0.001155 -0.001180
0.192000 0.0000 0.0000 9.8100 1.118795 0.000781 -0.004502
0.193000 0.0000 0.0000 9.8100 1.115321 -0.012959 -0.000385
0.194000 0.0000 0.0000 9.8100 1.120958 -0.000317 -0.002953
0.195000 0.0000 0.0000 9.8100 1.126178 -0.003785 0.008874
0.196000 0.0000 0.0000 9.8100 1.119508 -0.004172 -0.002040
0.197000 0.0000 0.0000 9.8100 1.120556 0.001821 0.009296
0.198000 0.0000 0.0000 9.8100 1.121610 0.003479 0.004511
0.199000 0.0000 0.0000 9.8100 1.123112 0.009513 -0.001752
0.200000 0.0000 0.0000 9.8100 1.117797 -0.006170 -0.001445
0.201000 0.0000 0.0000 9.8100 1.110406 0.003026 -0.003573
0.202000 0.0000 0.0000 9.8100 1.124148 0.001703 -0.006084
0.203000 0.0000 0.0000 9.8100 1.131415 -0.003924 -0.004322
0.204000 0.0000 0.0000 9.8100 1.118859 0.002295 -0.005458
0.205000 0.0000 0.0000 9.8100 1.124944 0.000612 -0.000994
0.206000 0.0000 0.0000 9.8100 1.115688 0.000432 -0.001426
0.207000 0.0000 0.0000 9.8100 1.110777 0.001466 -0.004775
0.208000 0.0000 0.0000 9.8100 1.119317 -0.004500 -0.001869
0.209000 0.0000 0.0000 9.8100 1.118587 -0.002021 -0.002398
0.210000 0.0000 0.0000 9.8100 1.117481 0.004907 0.002077
0.211000 0.0000 0.0000 9.8100 1.123513 0.006395 -0.002870
0.212000 0.0000 0.0000 9.8100 1.122994 -0.002888 -0.004431
0.213000 0.0000 0.0000 9.8100 1.127359 -0.004490 0.012184
0.214000 0.0000 0.0000 9.8100 1.132697 -0.010995 0.004404
0.215000 0.0000 0.0000 9.8100 1.116603 0.002669 0.000780
0.216000 0.0000 0.0000 9.8100 1.108143 0.000391 0.006449
0.217000 0.0000 0.0000 9.8100 1.122110 0.009320 -0.003725
0.218000 0.0000 0.0000 9.8100 1.130412 -0.000167 -0.006653
0.219000 0.0000 0.0000 9.8100 1.123679 0.008504 0.000887
0.220000 0.0000 0.0000 9.8100 1.122099 0.000518 -0.010951
0.221000 0.0000 0.0000 9.8100 1.131155 0.009517 0.007493
0.222000 0.0000 0.0000 9.8100 1.123156 0.000510 -0.001576
0.223000 0.0000 0.0000 9.8100 1.128924 0.004134 -0.005787
0.224000 0.0000 0.0000 9.8100 1.118687 0.001779 -0.002741
0.225000 0.0000 0.0000 9.8100 1.124527 0.010104 0.010035
0.226000 0.0000 0.0000 9.8100 1.124519 -0.004433 0.004938
0.227000 0.0000 0.0000 9.8100 1.114911 -0.002413 -0.003388
0.228000 0.0000 0.0000 9.8100 1.119892 0.001668 0.005449
0.229000 0.0000 0.0000 9.8100 1.122620 -0.008176 0.003176
0.230000 0.0000 0.0000 9.8100 1.125081 0.004263 -0.003317
0.231000 0.0000 0.0000 9.8100 1.120206 -0.002164 0.004422
0.232000 0.0000 0.0000 9.8100 1.111696 -0.002322 0.006804
0.233000 0.0000 0.0000 9.8100 1.118661 0.006838 0.004130
0.234000 0.0000 0.0000 9.8100 1.111536 -0.004345 0.009684
0.235000 0.0000 0.0000 9.8100 1.112416 -0.003048 0.000525
0.236000 0.0000 0.0000 9.8100 1.122314 0.008243 -0.004925
0.237000 0.0000 0.0000 9.8100 1.121636 0.003822 -0.001582
0.238000 0.0000 0.0000 9.8100 1.116452 -0.002340 -0.006115
0.239000 0.0000 0.0000 9.8100 1.120905 0.005418 -0.002622
0.240000 0.0000 0.0000 9.8100 1.124330 -0.010168 -0.009397
0.241000 0.0000 0.0000 9.8100 1.127212 -0.000931 0.002097
0.242000 0.0000 0.0000 9.8100 1.113481 -0.004853 0.005839
0.243000 0.0000 0.0000 9.8100 1.120702 0.003136 0.000053
0.244000 0.0000 0.0000 9.8100 1.126800 -0.002861 -0.011623
0.245000 0.0000 0.0000 9.8100 1.116109 0.002681 0.001241
0.246000 0.0000 0.0000 9.8100 1.119581 0.005842 -0.003120
0.247000 0.0000 0.0000 9.8100 1.115062 0.004301 -0.003569
0.248000 0.0000 0.0000 9.8100 1.122098 -0.007380 -0.007575
0.249000 0.0000 0.0000 9.8100 1.117607 0.011054 0.002304
0.250000 0.0000 0.0000 9.8100 1.119533 -0.002125 0.001120
0.251000 0.0000 0.0000 9.8100 1.121643 0.003562 0.010191
0.252000 0.0000 0.0000 9.8100 1.119328 0.013274 -0.009682
0.253000 0.0000 0.0000 9.8100 1.122103 -0.003674 0.002620
0.254000 0.0000 0.0000 9.8100 1.114267 -0.004170 0.000150
0.255000 0.0000 0.0000 9.8100 1.114103 0.015739 0.005843
0.256000 0.0000 0.0000 9.8100 1.125141 0.001975 0.002544
0.257000 0.0000 0.0000 9.8100 1.120266 0.001257 -0.001191
0.258000 0.0000 0.0000 9.8100 1.115708 -0.000945 0.007302
0.259000 0.0000 0.0000 9.8100 1.122651 0.008219 0.005109
0.260000 0.0000 0.0000 9.8100 1.132473 0.001168 0.000889
0.261000 0.0000 0.0000 9.8100 1.118964 0.006187 -0.002098
0.262000 0.0000 0.0000 9.8100 1.124316 -0.008532 -0.002283
0.263000 0.0000 0.0000 9.8100 1.128288 0.002677 0.006857
0.264000 0.0000 0.0000 9.8100 1.118466 -0.001065 -0.008421
0.265000 0.0000 0.0000 9.8100 1.121005 0.004205 -0.001092
0.266000 0.0000 0.0000 9.8100 1.121527 -0.004738 -0.004241
0.267000 0.0000 0.0000 9.8100 1.121082 0.003949 -0.001789
0.268000 0.0000 0.0000 9.8100 1.124584 0.005858 -0.002365
0.269000 0.0000 0.0000 9.8100 1.115229 -0.011261 0.001257
0.270000 0.0000 0.0000 9.8100 1.117350 0.000456 -0.003355
0.271000 0.0000 0.0000 9.8100 1.119761 0.001933 -0.001817
0.272000 0.0000 0.0000 9.8100 1.126144 -0.003950 -0.003183
0.273000 0.0000 0.0000 9.8100 1.118953 0.002167 -0.005490
0.274000 0.0000 0.0000 9.8100 1.126761 -0.008964 -0.000876
0.275000 0.0000 0.0000 9.8100 1.122733 -0.007546 0.001831
0.276000 0.0000 0.0000 9.8100 1.125145 0.001170 -0.000343
0.277000 0.0000 0.0000 9.8100 1.120551 -0.000104 0.004769
0.278000 0.0000 0.0000 9.8100 1.119681 -0.002465 0.004350
0.279000 0.0000 0.0000 9.8100 1.123965 0.005274 -0.005688
0.280000 0.0000 0.0000 9.8100 1.126586 -0.000865 -0.004633
0.281000 0.0000 0.0000 9.8100 1.124839 0.001665 -0.005419
0.282000 0.0000 0.0000 9.8100 1.119823 0.003196 -0.008862
0.283000 0.0000 0.0000 9.8100 1.123727 -0.001046 0.002575
0.284000 0.0000 0.0000 9.8100 1.109864 0.007991 -0.003063
0.285000 0.0000 0.0000 9.8100 1.118077 -0.001200 0.002746
0.286000 0.0000 0.0000 9.8100 1.120288 0.007771 -0.001177
0.287000 0.0000 0.0000 9.8100 1.129224 -0.001016 0.000032
0.288000 0.0000 0.0000 9.8100 1.113040 -0.004026 0.001474
0.289000 0.0000 0.0000 9.8100 1.113732 0.008448 0.001074
0.290000 0.0000 0.0000 9.8100 1.119215 -0.000447 0.008371
0.291000 0.0000 0.0000 9.8100 1.124910 -0.009500 -0.002093
0.292000 0.0000 0.0000 9.8100 1.125593 -0.004256 0.001788
0.293000 0.0000 0.0000 9.8100 1.109635 -0.002943 0.000551
0.294000 0.0000 0.0000 9.8100 1.124631 -0.002414 0.004633
0.295000 0.0000 0.0000 9.8100 1.113555 -0.000935 0.000922
0.296000 0.0000 0.0000 9.8100 1.113139 0.006463 0.001459
0.297000 0.0000 0.0000 9.8100 1.115463 0.002767 -0.004186
0.298000 0.0000 0.0000 9.8100 1.117740 -0.006858 -0.001809
0.299000 0.0000 0.0000 9.8100 1.110004 0.001078 0.009261
0.300000 0.0000 0.0000 9.8100 1.118768 -0.011528 -0.002401
0.301000 0.0000 0.0000 9.8100 1.120651 0.000759 -0.000331
0.302000 0.0000 0.0000 9.8100 1.128610 -0.000944 -0.001985
0.303000 0.0000 0.0000 9.8100 1.122744 0.002223 -0.001070
0.304000 0.0000 0.0000 9.8100 1.119779 -0.003258 0.003645
0.305000 0.0000 0.0000 9.8100 1.113224 0.000583 0.004438
0.306000 0.0000 0.0000 9.8100 1.120716 -0.008713 -0.000824
0.307000 0.0000 0.0000 9.8100 1.124634 0.001136 -0.005422
0.308000 0.0000 0.0000 9.8100 1.132427 0.004653 0.000762
0.309000 0.0000 0.0000 9.8100 1.134864 -0.001463 -0.007561
0.310000 0.0000 0.0000 9.8100 1.120164 0.000337 -0.007867
0.311000 0.0000 0.0000 9.8100 1.124457 0.004926 -0.007117
0.312000 0.0000 0.0000 9.8100 1.117742 -0.006129 -0.006528
0.313000 0.0000 0.0000 9.8100 1.123201 0.000451 -0.001107
0.314000 0.0000 0.0000 9.8100 1.122540 -0.001944 -0.003264
0.315000 0.0000 0.0000 9.8100 1.119001 -0.001249 0.000089
0.316000 0.0000 0.0000 9.8100 1.123555 -0.003669 -0.001469
0.317000 0.0000 0.0000 9.8100 1.118115 -0.003134 0.003950
0.318000 0.0000 0.0000 9.8100 1.117452 -0.000779 -0.005113
0.319000 0.0000 0.0000 9.8100 1.124516 0.005505 0.000848
0.320000 0.0000 0.0000 9.8100 1.130683 -0.010544 -0.003471
0.321000 0.0000 0.0000 9.8100 1.124276 -0.007795 -0.000843
0.322000 0.0000 0.0000 9.8100 1.121357 -0.001246 -0.000228
0.323000 0.0000 0.0000 9.8100 1.125247 0.005416 -0.007058
0.324000 0.0000 0.0000 9.8100 1.114387 0.002220 -0.005885
0.325000 0.0000 0.0000 9.8100 1.130553 -0.000516 0.001152
0.326000 0.0000 0.0000 9.8100 1.120117 -0.001839 -0.003662
0.327000 0.0000 0.0000 9.8100 1.129440 0.001823 -0.010088
0.328000 0.0000 0.0000 9.8100 1.117817 0.002653 0.002098
0.329000 0.0000 0.0000 9.8100 1.127141 0.001344 -0.001272
0.330000 0.0000 0.0000 9.8100 1.120126 0.001457 0.002720
0.331000 0.0000 0.0000 9.8100 1.117800 -0.001629 0.002848
0.332000 0.0000 0.0000 9.8100 1.121719 -0.000525 0.004197
0.333000 0.0000 0.0000 9.8100 1.117294 0.003023 0.006117
0.334000 0.0000 0.0000 9.8100 1.120964 -0.000451 -0.005286
0.335000 0.0000 0.0000 9.8100 1.119166 -0.003308 0.004999
0.336000 0.0000 0.0000 9.8100 1.119698 -0.001423 0.005404
0.337000 0.0000 0.0000 9.8100 1.120615 0.002759 -0.001797
0.338000 0.0000 0.0000 9.8100 1.122934 -0.000880 0.006430
0.339000 0.0000 0.0000 9.8100 1.122159 -0.007019 -0.002435
0.340000 0.0000 0.0000 9.8100 1.114683 0.002697 0.003932
0.341000 0.0000 0.0000 9.8100 1.122286 -0.002526 -0.005694
0.342000 0.0000 0.0000 9.8100 1.120769 -0.003333 0.004650
0.343000 0.0000 0.0000 9.8100 1.119050 0.002285 -0.002399
0.344000 0.0000 0.0000 9.8100 1.126469 -0.005079 -0.001774
0.345000 0.0000 0.0000 9.8100 1.123901 0.008381 -0.007157
0.346000 0.0000 0.0000 9.8100 1.114643 0.002351 0.007898
0.347000 0.0000 0.0000 9.8100 1.125201 0.003582 -0.005335
0.348000 0.0000 0.0000 9.8100 1.122310 0.002555 0.001064
0.349000 0.0000 0.0000 9.8100 1.122522 0.003769 -0.012175
0.350000 0.0000 0.0000 9.8100 1.110814 -0.005948 0.000432
0.351000 0.0000 0.0000 9.8100 1.119053 -0.006668 0.008100
0.352000 0.0000 0.0000 9.8100 1.119962 0.000982 0.004670
0.353000 0.0000 0.0000 9.8100 1.131650 -0.000297 0.000927
0.354000 0.0000 0.0000 9.8100 1.114774 -0.000239 -0.006303
0.355000 0.0000 0.0000 9.8100 1.118733 0.003810 0.001789
0.356000 0.0000 0.0000 9.8100 1.125737 0.001256 0.005828
0.357000 0.0000 0.0000 9.8100 1.116088 0.006083 -0.002860
0.358000 0.0000 0.0000 9.8100 1.119113 -0.001565 0.009159
0.359000 0.0000 0.0000 9.8100 1.117223 0.002406 0.002092
0.360000 0.0000 0.0000 9.8100 1.121486 -0.003953 -0.005731
0.361000 0.0000 0.0000 9.8100 1.115239 0.005436 -0.003956
0.362000 0.0000 0.0000 9.8100 1.114937 0.004770 0.003065
0.363000 0.0000 0.0000 9.8100 1.120812 -0.002664 -0.013706
0.364000 0.0000 0.0000 9.8100 1.117062 -0.000905 -0.005422
0.365000 0.0000 0.0000 9.8100 1.115585 0.010223 -0.008590
0.366000 0.0000 0.0000 9.8100 1.122407 -0.004085 0.000865
0.367000 0.0000 0.0000 9.8100 1.114826 0.005879 -0.001791
0.368000 0.0000 0.0000 9.8100 1.129433 0.006726 -0.004670
0.369000 0.0000 0.0000 9.8100 1.115838 -0.006675 -0.005100
0.370000 0.0000 0.0000 9.8100 1.127040 0.008034 -0.003077
0.371000 0.0000 0.0000 9.8100 1.126353 -0.000359 -0.001466
0.372000 0.0000 0.0000 9.8100 1.120166 0.003872 -0.010161
0.373000 0.0000 0.0000 9.8100 1.119068 -0.003169 0.004018
0.374000 0.0000 0.0000 9.8100 1.124670 0.005011 0.003164
0.375000 0.0000 0.0000 9.8100 1.122750 -0.004144 0.001283
0.376000 0.0000 0.0000 9.8100 1.119118 -0.002653 -0.011173
0.377000 0.0000 0.0000 9.8100 1.126404 -0.004892 -0.000183
0.378000 0.0000 0.0000 9.8100 1.130494 0.004539 -0.002368
0.379000 0.0000 0.0000 9.8100 1.133565 0.005254 -0.004202
0.380000 0.0000 0.0000 9.8100 1.118722 0.005254 0.004257
0.381000 0.0000 0.0000 9.8100 1.123079 -0.006029 -0.000448
0.382000 0.0000 0.0000 9.8100 1.125302 0.009581 0.000864
0.383000 0.0000 0.0000 9.8100 1.120055 -0.001046 0.002616
0.384000 0.0000 0.0000 9.8100 1.111942 -0.001992 -0.000592
0.385000 0.0000 0.0000 9.8100 1.122834 -0.000305 -0.001209
0.386000 0.0000 0.0000 9.8100 1.118514 0.000407 0.002673
0.387000 0.0000 0.0000 9.8100 1.122960 0.004998 -0.002071
0.388000 0.0000 0.0000 9.8100 1.124113 -0.007600 -0.001608
0.389000 0.0000 0.0000 9.8100 1.128178 -0.004402 0.003579
0.390000 0.0000 0.0000 9.8100 1.117892 0.000696 -0.007656
0.391000 0.0000 0.0000 9.8100 1.129882 0.007628 -0.003535
0.392000 0.0000 0.0000 9.8100 1.115953 -0.008009 0.001225
0.393000 0.0000 0.0000 9.8100 1.122137 0.003014 0.002340
0.394000 0.0000 0.0000 9.8100 1.116215 0.005531 0.007993
0.395000 0.0000 0.0000 9.8100 1.119599 -0.002793 -0.000955
0.396000 0.0000 0.0000 9.8100 1.119200 0.004521 0.004685
0.397000 0.0000 0.0000 9.8100 1.124257 -0.001401 0.000392
0.398000 0.0000 0.0000 9.8100 1.126249 0.003288 0.001215
0.399000 0.0000 0.0000 9.8100 1.122892 0.005880 -0.001696
0.400000 0.0000 0.0000 9.8100 1.116042 -0.001594 0.009631
0.401000 0.0000 0.0000 9.8100 1.117162 0.006270 -0.005356
0.402000 0.0000 0.0000 9.8100 1.121314 0.003486 -0.001736
0.403000 0.0000 0.0000 9.8100 1.117966 0.002209 -0.005052
0.404000 0.0000 0.0000 9.8100 1.126585 -0.002803 0.002595
0.405000 0.0000 0.0000 9.8100 1.118203 -0.000463 -0.000564
0.406000 0.0000 0.0000 9.8100 1.126050 0.003070 -0.005629
0.407000 0.0000 0.0000 9.8100 1.113910 -0.005770 -0.004072
0.408000 0.0000 0.0000 9.8100 1.126358 0.000910 0.005576
0.409000 0.0000 0.0000 9.8100 1.117142 -0.001321 -0.002138
0.410000 0.0000 0.0000 9.8100 1.113344 0.006100 -0.005367
0.411000 0.0000 0.0000 9.8100 1.114851 0.001542 0.005217
0.412000 0.0000 0.0000 9.8100 1.125087 0.002620 0.007670
0.413000 0.0000 0.0000 9.8100 1.118065 -0.008350 0.002803
0.414000 0.0000 0.0000 9.8100 1.119290 0.003199 0.009618
0.415000 0.0000 0.0000 9.8100 1.126425 0.001767 -0.002705
0.416000 0.0000 0.0000 9.8100 1.126631 0.005453 0.004186
0.417000 0.0000 0.0000 9.8100 1.122447 -0.004351 0.001540
0.418000 0.0000 0.0000 9.8100 1.127541 -0.003288 0.003364
0.419000 0.0000 0.0000 9.8100 1.131265 0.003631 0.003302
0.420000 0.0000 0.0000 9.8100 1.122110 0.004019 0.015718
0.421000 0.0000 0.0000 9.8100 1.117616 -0.003140 0.001894
0.422000 0.0000 0.0000 9.8100 1.116283 -0.003830 -0.004656
0.423000 0.0000 0.0000 9.8100 1.121275 -0.009995 -0.003307
0.424000 0.0000 0.0000 9.8100 1.115352 -0.001987 0.002355
0.425000 0.0000 0.0000 9.8100 1.123333 0.000523 0.002780
0.426000 0.0000 0.0000 9.8100 1.119521 -0.000383 -0.003787
0.427000 0.0000 0.0000 9.8100 1.121760 -0.001683 -0.008338
0.428000 0.0000 0.0000 9.8100 1.121120 0.011240 -0.007831
0.429000 0.0000 0.0000 9.8100 1.121325 -0.008952 0.007795
0.430000 0.0000 0.0000 9.8100 1.130348 0.005385 0.007424
0.431000 0.0000 0.0000 9.8100 1.120103 -0.003474 -0.006802
0.432000 0.0000 0.0000 9.8100 1.120701 0.004476 0.002197
0.433000 0.0000 0.0000 9.8100 1.119820 0.008434 -0.006434
0.434000 0.0000 0.0000 9.8100 1.116826 0.004680 -0.009545
0.435000 0.0000 0.0000 9.8100 1.114555 -0.000690 0.003007
0.436000 0.0000 0.0000 9.8100 1.124038 0.005934 0.002635
0.437000 0.0000 0.0000 9.8100 1.116247 -0.002036 -0.002330
0.438000 0.0000 0.0000 9.8100 1.125041 0.003485 -0.002250
0.439000 0.0000 0.0000 9.8100 1.112590 0.000889 -0.007560
0.440000 0.0000 0.0000 9.8100 1.115592 0.000728 0.001198
0.441000 0.0000 0.0000 9.8100 1.117145 0.000002 0.001621
0.442000 0.0000 0.0000 9.8100 1.129672 0.003627 -0.003765
0.443000 0.0000 0.0000 9.8100 1.118632 0.001458 0.004018
0.444000 0.0000 0.0000 9.8100 1.120829 -0.000628 0.007076
0.445000 0.0000 0.0000 9.8100 1.121086 -0.010012 0.013672
0.446000 0.0000 0.0000 9.8100 1.119245 -0.002430 0.001724
0.447000 0.0000 0.0000 9.8100 1.121498 0.004092 0.000400
0.448000 0.0000 0.0000 9.8100 1.124268 -0.003922 -0.011714
0.449000 0.0000 0.0000 9.8100 1.122827 -0.005290 -0.007921
0.450000 0.0000 0.0000 9.8100 1.121705 0.000575 0.002363
0.451000 0.0000 0.0000 9.8100 1.126240 -0.000991 -0.008129
0.452000 0.0000 0.0000 9.8100 1.124821 0.002993 -0.005404
0.453000 0.0000 0.0000 9.8100 1.130363 -0.004127 0.004991
0.454000 0.0000 0.0000 9.8100 1.124453 -0.005081 -0.002460
0.455000 0.0000 0.0000 9.8100 1.124004 0.005192 -0.003540
0.456000 0.0000 0.0000 9.8100 1.117727 -0.006424 0.006398
0.457000 0.0000 0.0000 9.8100 1.125427 -0.000614 -0.006471
0.458000 0.0000 0.0000 9.8100 1.120104 -0.000065 0.002349
0.459000 0.0000 0.0000 9.8100 1.111905 0.003500 -0.001436
0.460000 0.0000 0.0000 9.8100 1.125856 0.002737 -0.005157
0.461000 0.0000 0.0000 9.8100 1.120954 -0.002485 0.000886
0.462000 0.0000 0.0000 9.8100 1.116838 -0.002354 -0.002485
0.463000 0.0000 0.0000 9.8100 1.111943 0.002239 0.009336
0.464000 0.0000 0.0000 9.8100 1.118856 0.002094 -0.002063
0.465000 0.0000 0.0000 9.8100 1.108581 -0.004911 0.008022
0.466000 0.0000 0.0000 9.8100 1.131950 -0.000056 -0.004205
0.467000 0.0000 0.0000 9.8100 1.124960 -0.004695 0.001410
0.468000 0.0000 0.0000 9.8100 1.121041 -0.003895 0.002959
0.469000 0.0000 0.0000 9.8100 1.120675 0.008708 0.005630
0.470000 0.0000 0.0000 9.8100 1.121385 -0.006469 -0.004926
0.471000 0.0000 0.0000 9.8100 1.126282 0.003997 -0.005650
0.472000 0.0000 0.0000 9.8100 1.121253 -0.003859 -0.005710
0.473000 0.0000 0.0000 9.8100 1.112435 -0.000705 -0.000278
0.474000 0.0000 0.0000 9.8100 1.118993 -0.006278 0.001392
0.475000 0.0000 0.0000 9.8100 1.118117 0.003406 0.001062
0.476000 0.0000 0.0000 9.8100 1.118712 0.004501 -0.003759
0.477000 0.0000 0.0000 9.8100 1.117494 0.000260 0.003667
0.478000 0.0000 0.0000 9.8100 1.120053 0.000558 0.001328
0.479000 0.0000 0.0000 9.8100 1.119373 0.001271 0.001090
0.480000 0.0000 0.0000 9.8100 1.112619 0.006499 0.007239
0.481000 0.0000 0.0000 9.8100 1.121758 0.005180 0.000722
0.482000 0.0000 0.0000 9.8100 1.124990 0.005038 -0.002004
0.483000 0.0000 0.0000 9.8100 1.123402 0.006974 0.005526
0.484000 0.0000 0.0000 9.8100 1.128753 0.007383 0.003130
0.485000 0.0000 0.0000 9.8100 1.116480 0.003227 0.004764
0.486000 0.0000 0.0000 9.8100 1.125464 -0.002732 0.003942
0.487000 0.0000 0.0000 9.8100 1.118436 0.003829 0.009825
0.488000 0.0000 0.0000 9.8100 1.116439 -0.001822 0.000528
0.489000 0.0000 0.0000 9.8100 1.127635 0.016557 0.002589
0.490000 0.0000 0.0000 9.8100 1.121699 -0.000620 -0.009148
0.491000 0.0000 0.0000 9.8100 1.121108 0.000875 0.006990
0.492000 0.0000 0.0000 9.8100 1.110739 -0.000316 0.001181
0.493000 0.0000 0.0000 9.8100 1.114845 0.006256 0.000894
0.494000 0.0000 0.0000 9.8100 1.124057 -0.000729 -0.001643
0.495000 0.0000 0.0000 9.8100 1.112923 0.003526 0.005208
0.496000 0.0000 0.0000 9.8100 1.124034 -0.004046 -0.003231
0.497000 0.0000 0.0000 9.8100 1.114691 -0.001127 0.007038
0.498000 0.0000 0.0000 9.8100 1.124283 -0.003491 -0.007368
0.499000 0.0000 0.0000 9.8100 1.122276 0.002306 -0.001158
0.500000 0.0000 0.0000 9.8100 1.119207 -0.002695 -0.001164
0.501000 0.0000 0.0000 9.8100 1.116111 0.001168 0.002064
0.502000 0.0000 0.0000 9.8100 1.122275 0.000609 0.006486
0.503000 0.0000 0.0000 9.8100 1.119618 0.000085 0.008814
0.504000 0.0000 0.0000 9.8100 1.113895 -0.010128 0.002517
0.505000 0.0000 0.0000 9.8100 1.119884 0.009540 0.004813
0.506000 0.0000 0.0000 9.8100 1.124780 0.004060 -0.005118
0.507000 0.0000 0.0000 9.8100 1.121491 0.010252 -0.006260
0.508000 0.0000 0.0000 9.8100 1.120789 -0.005214 0.003005
0.509000 0.0000 0.0000 9.8100 1.125567 -0.004670 -0.000069
0.510000 0.0000 0.0000 9.8100 1.127744 0.000406 -0.005214
0.511000 0.0000 0.0000 9.8100 1.123251 0.009769 -0.006912
0.512000 0.0000 0.0000 9.8100 1.118761 -0.001475 0.002513
0.513000 0.0000 0.0000 9.8100 1.122453 0.002901 0.009272
0.514000 0.0000 0.0000 9.8100 1.120745 -0.004211 0.000423
0.515000 0.0000 0.0000 9.8100 1.128510 -0.000893 0.003355
0.516000 0.0000 0.0000 9.8100 1.121698 -0.000931 -0.002057
0.517000 0.0000 0.0000 9.8100 1.125523 -0.002554 -0.001026
0.518000 0.0000 0.0000 9.8100 1.112533 -0.001148 -0.000982
0.519000 0.0000 0.0000 9.8100 1.121614 -0.002780 -0.006586
0.520000 0.0000 0.0000 9.8100 1.122630 0.002663 -0.003599
0.521000 0.0000 0.0000 9.8100 1.121987 -0.002520 -0.001129
0.522000 0.0000 0.0000 9.8100 1.121447 -0.002985 -0.005287
0.523000 0.0000 0.0000 9.8100 1.130295 -0.001068 0.000868
0.524000 0.0000 0.0000 9.8100 1.127302 0.005336 -0.005044
0.525000 0.0000 0.0000 9.8100 1.118333 0.014498 0.000278
0.526000 0.0000 0.0000 9.8100 1.124981 0.001353 -0.001251
0.527000 0.0000 0.0000 9.8100 1.121144 0.001239 0.001588
0.528000 0.0000 0.0000 9.8100 1.107895 -0.002701 -0.004069
0.529000 0.0000 0.0000 9.8100 1.111606 -0.004692 -0.011192
0.530000 0.0000 0.0000 9.8100 1.129758 -0.002665 -0.002695
0.531000 0.0000 0.0000 9.8100 1.124545 -0.001382 0.003092
0.532000 0.0000 0.0000 9.8100 1.119098 -0.000642 -0.001948
0.533000 0.0000 0.0000 9.8100 1.125171 -0.002960 -0.012756
0.534000 0.0000 0.0000 9.8100 1.121111 0.004679 -0.003824
0.535000 0.0000 0.0000 9.8100 1.115464 -0.003273 -0.011853
0.536000 0.0000 0.0000 9.8100 1.115594 -0.004029 0.003287
0.537000 0.0000 0.0000 9.8100 1.118424 0.003369 -0.007015
0.538000 0.0000 0.0000 9.8100 1.133182 -0.004588 -0.005437
0.539000 0.0000 0.0000 9.8100 1.127354 -0.005820 0.001158
0.540000 0.0000 0.0000 9.8100 1.134915 -0.002869 -0.009900
0.541000 0.0000 0.0000 9.8100 1.121003 -0.003611 -0.004910
0.542000 0.0000 0.0000 9.8100 1.123333 0.004849 0.001827
0.543000 0.0000 0.0000 9.8100 1.122509 -0.007825 -0.002906
0.544000 0.0000 0.0000 9.8100 1.124787 -0.005850 0.001987
0.545000 0.0000 0.0000 9.8100 1.116121 0.004222 -0.004843
0.546000 0.0000 0.0000 9.8100 1.124582 0.003571 -0.000108
0.547000 0.0000 0.0000 9.8100 1.119843 -0.006564 -0.007087
0.548000 0.0000 0.0000 9.8100 1.131346 -0.004488 -0.009951
0.549000 0.0000 0.0000 9.8100 1.122165 -0.002928 0.000165
0.550000 0.0000 0.0000 9.8100 1.120570 -0.006426 -0.010565
0.551000 0.0000 0.0000 9.8100 1.120368 0.005565 -0.002273
0.552000 0.0000 0.0000 9.8100 1.121770 0.003424 -0.003350
0.553000 0.0000 0.0000 9.8100 1.116702 -0.003244 0.003977
0.554000 0.0000 0.0000 9.8100 1.123098 0.000928 -0.006686
0.555000 0.0000 0.0000 9.8100 1.130095 -0.000043 -0.001620
0.556000 0.0000 0.0000 9.8100 1.124011 0.003011 -0.000907
0.557000 0.0000 0.0000 9.8100 1.123970 0.009428 0.002595
0.558000 0.0000 0.0000 9.8100 1.119575 -0.005607 -0.005674
0.559000 0.0000 0.0000 9.8100 1.116722 -0.003402 -0.006540
0.560000 0.0000 0.0000 9.8100 1.119218 -0.001069 -0.005547
0.561000 0.0000 0.0000 9.8100 1.112070 0.004256 0.003368
0.562000 0.0000 0.0000 9.8100 1.119058 -0.000138 0.000417
0.563000 0.0000 0.0000 9.8100 1.124255 0.002501 -0.000989
0.564000 0.0000 0.0000 9.8100 1.118463 -0.004112 0.002380
0.565000 0.0000 0.0000 9.8100 1.129688 0.000204 0.003700
0.566000 0.0000 0.0000 9.8100 1.126427 -0.000493 -0.009491
0.567000 0.0000 0.0000 9.8100 1.117471 0.004841 -0.001148
0.568000 0.0000 0.0000 9.8100 1.126409 -0.004474 0.002565
0.569000 0.0000 0.0000 9.8100 1.117073 -0.003664 0.003219
0.570000 0.0000 0.0000 9.8100 1.123997 -0.007054 0.003547
0.571000 0.0000 0.0000 9.8100 1.121316 0.003292 0.003693
0.572000 0.0000 0.0000 9.8100 1.122037 0.004944 -0.002230
0.573000 0.0000 0.0000 9.8100 1.125597 -0.010921 -0.000811
0.574000 0.0000 0.0000 9.8100 1.117819 0.000198 0.007029
0.575000 0.0000 0.0000 9.8100 1.127858 0.005064 0.000577
0.576000 0.0000 0.0000 9.8100 1.111662 0.001566 0.001152
0.577000 0.0000 0.0000 9.8100 1.118490 -0.002518 0.008510
0.578000 0.0000 0.0000 9.8100 1.126745 -0.002266 0.004240
0.579000 0.0000 0.0000 9.8100 1.123420 -0.000414 -0.003600
0.580000 0.0000 0.0000 9.8100 1.121520 -0.001090 -0.009404
0.581000 0.0000 0.0000 9.8100 1.120723 0.008314 -0.006056
0.582000 0.0000 0.0000 9.8100 1.123733 0.004026 -0.002757
0.583000 0.0000 0.0000 9.8100 1.124266 0.010305 0.002161
0.584000 0.0000 0.0000 9.8100 1.121802 0.000145 0.005177
0.585000 0.0000 0.0000 9.8100 1.123246 0.002899 -0.003062
0.586000 0.0000 0.0000 9.8100 1.118877 0.004481 0.011219
0.587000 0.0000 0.0000 9.8100 1.127290 0.004013 -0.003894
0.588000 0.0000 0.0000 9.8100 1.123856 -0.002862 0.006466
0.589000 0.0000 0.0000 9.8100 1.118677 -0.010542 0.013042
0.590000 0.0000 0.0000 9.8100 1.123104 -0.000890 0.002518
0.591000 0.0000 0.0000 9.8100 1.112681 -0.001757 -0.004750
0.592000 0.0000 0.0000 9.8100 1.116293 -0.003873 0.003778
0.593000 0.0000 0.0000 9.8100 1.121906 -0.000217 -0.003173
0.594000 0.0000 0.0000 9.8100 1.118707 -0.002430 0.001635
0.595000 0.0000 0.0000 9.8100 1.124183 0.000402 -0.000440
0.596000 0.0000 0.0000 9.8100 1.125114 0.004680 -0.001830
0.597000 0.0000 0.0000 9.8100 1.119873 0.003702 0.007164
0.598000 0.0000 0.0000 9.8100 1.125751 0.003203 0.002009
0.599000 0.0000 0.0000 9.8100 1.115622 -0.004354 0.001050
0.600000 0.0000 0.0000 9.8100 1.119474 0.002382 0.002086
